0
1
625
-26 0.04935596146299416
-25 -0.07165950716639106
-24 0.09261585081935005
-23 -0.09037347984481409
-22 0.10565968757014804
-21 -0.08048439271126026
-20 -0.010380636838545267
-19 0.25709867914509754
-18 -0.6476495291382758
-17 1.1834343069036684
-16 -1.811137907148053
-15 2.5878520597390335
-14 -3.6750401185710566
-13 -21.17690302429976
-12 -16.469693183509513
-11 -17.59397881055952
-10 -20.558516006774234
-9 -18.985068539802796
-8 -20.24817936910354
-7 -20.016542435511717
-6 -21.059724823442465
-5 -19.78586613326482
-4 -18.96638155852908
-3 -10.35183355764144
-2 -4.455348969057429
-1 -3.9246916760363173
0 5.7967403129312265
1 9.796751457114054
2 7.30289307556918
3 9.59806651905071
4 5.541109301026496
5 -0.41245141950295683
6 4.775911629094402
7 11.391207385704103
8 13.6330190798951
9 21.990146485012477
10 20.567242494718815
11 9.314502218143202
12 19.481924172943664
13 24.634041526166644
14 21.587944708738494
15 34.53656939401393
16 34.64908745361458
17 26.82736954046253
18 29.0406572208525
19 24.515032761911893
20 18.749546731766404
21 8.206265702313361
22 -1.3295331108316577
23 -5.237903736967186
24 -15.740462595770817
25 -19.62936435539343
26 -19.41714168228417
27 -20.857658160113054
28 -19.78714374317475
29 -19.89812460571913
30 -19.649465500246947
31 -21.286012409765984
32 -25.047606774729495
33 -26.333286113790155
34 -27.265343166292702
35 -27.062455358098052
36 -26.3631839920134
37 -27.855911706428177
38 -28.58529344721835
39 -31.828179833372076
40 -30.75813017418283
41 -29.272039209115377
42 -29.58899415310346
43 -40.03487193777222
44 -56.36599779479258
45 -57.63182156798946
46 -46.79146913164615
47 -23.65370943605075
48 32.318590042070014
49 106.68580183478586
50 176.97446476976666
51 307.9948319255928
52 399.43623653251495
53 388.4261760698986
54 450.7767127632917
55 404.5266277012853
56 259.862194578559
57 280.16412888988066
58 217.07920353193
59 103.68072468472229
60 66.08804673807283
61 10.11519981723993
62 -14.437154880595141
63 -18.27871327128707
64 -13.194634484846208
65 -2.5006030368247103
66 -3.5584941258274476
67 -2.8791931046566863
68 -1.0816055496263692
69 -10.081832553942071
70 -10.985625079236591
71 -8.152245655323997
72 -6.863034170455294
73 -6.12595007058335
74 -8.491959644889837
75 -9.940888499345226
76 -10.28716665026941
77 -7.81981926605186
78 -8.08004009881231
79 -6.470640315257033
80 -3.8294643103683144
81 -2.3533983380072754
82 -1.1605206667146926
83 0.8812097537251345
84 3.1271960025569654
85 6.797708219858485
86 11.904526481671843
87 9.354047790471054
88 8.792029193473805
89 11.936340046439543
90 13.718874259959598
91 17.2660052988604
92 21.356474867235477
93 20.395779945658155
94 21.75083298844743
95 26.896970035107543
96 27.4647604785768
97 30.246830456778923
98 32.84462257471827
99 34.25160089865504
100 36.52110557527305
101 38.37358740960084
102 45.47594870626101
103 50.01623583771403
104 51.85754902881415
105 56.54230604549442
106 60.06009805964246
107 63.4260584670884
108 68.63048301402254
109 72.34520421339725
110 74.34100241870856
111 81.74742985026684
112 87.33676106903432
113 91.76586947931023
114 101.20401329988414
115 109.18407392843434
116 117.32871562225104
117 125.86579231138725
118 132.68739110106577
119 139.76307906334534
120 145.4198737672068
121 153.17851836170155
122 162.86509642320132
123 172.44576619983897
124 180.59209269652757
125 186.52694839012497
126 193.6419409981057
127 199.93573831377003
128 205.57661343722822
129 211.65413268313657
130 215.54177252209294
131 218.97433335520958
132 221.14734688578923
133 223.5638085876693
134 226.50739534346582
135 222.5845643304008
136 218.44077701401076
137 213.26670949992686
138 202.50921706743503
139 190.36971677284996
140 176.81450454298707
141 160.60217966302324
142 146.569798016469
143 134.32840918150464
144 118.08207828284954
145 102.62384644822815
146 88.82955561250833
147 72.28567836575832
148 60.523492306316335
149 52.667995585754895
150 39.93531939175805
151 30.510967662780665
152 24.19838933456053
153 15.113521184217511
154 10.193653475349015
155 8.231175308247689
156 1.80803427641251
157 -1.1563031530574603
158 -2.1242796950460585
159 -5.762855988423206
160 -7.683113507502326
161 -9.731375957863234
162 -10.82205796344113
163 -11.911823295526137
164 -12.51321211947832
165 -13.267489964634063
166 -12.578638357820079
167 -10.598288831348356
168 -11.92441922548525
169 -12.812997141396226
170 -12.77214631338272
171 -13.42784811365854
172 -13.31240531137745
173 -11.610729573356284
174 -14.645315728611484
175 -15.182429522111908
176 -11.456899924292543
177 -14.339628311953422
178 -12.781673348441615
179 -9.071420931600858
180 -9.700855784827638
181 -9.983705184044279
182 -12.780511080576519
183 -12.972605408443462
184 -13.268249540588151
185 -16.377361344915208
186 -11.1916294002226
187 -11.009622433042708
188 -14.412857287605531
189 -10.606652671460628
190 -9.358221899829683
191 -8.027860189609905
192 -10.149287988092292
193 -11.692322310346496
194 -10.862346737739902
195 -12.119500712103715
196 -11.878075314515717
197 -11.201692092091756
198 -10.89457391086359
199 -9.682478163473645
200 -8.596871555373095
201 -9.133417231309192
202 -10.23483461017783
203 -10.966776344685373
204 -11.133364214920434
205 -10.90484376103142
206 -10.297046894836871
207 -12.744857047759185
208 -13.596726594175028
209 -11.910613768345522
210 -12.536012441592725
211 -13.230220512921731
212 -12.76825006509758
213 -17.58320997887563
214 -17.87382895543909
215 -13.138828107962677
216 -15.778198957202257
217 -15.725649906698854
218 -15.434200728367548
219 -16.39828317579696
220 -16.06657941263598
221 -16.944561155311202
222 -13.889446616788417
223 -12.891124639772581
224 -15.646252200716567
225 -13.190058856239228
226 -13.202209426754616
227 -16.377307711157336
228 -11.198180462522021
229 -11.106408429666692
230 -16.31175549961699
231 -14.424152334947784
232 -15.949653062784748
233 -18.323697531729245
234 -15.976915059180671
235 -15.337468362255038
236 -15.437964468472332
237 -15.647562562744458
238 -16.20876395028841
239 -15.440214520357808
240 -15.698557659140288
241 -15.878532490930082
242 -15.352831242507817
243 -19.137178621588152
244 -19.724411932415414
245 -18.566102534978835
246 -17.77587166826573
247 -16.867851987034708
248 -19.55585086492332
249 -15.114122844526397
250 -15.090381378055975
251 -18.546825436142637
252 -17.074754337939765
253 -18.251478800337935
254 -17.13642454644015
255 -21.24305372336059
256 -21.70699501921159
257 -16.95124004931315
258 -20.497828284078256
259 -20.136609494320727
260 -18.23855597560128
261 -18.53308899058742
262 -17.500531707756934
263 -18.458036323906047
264 -17.42720792832687
265 -17.784516106103887
266 -21.097062804802405
267 -17.87812757483848
268 -18.088102508857634
269 -20.932275639642224
270 -17.857570161710736
271 -17.532091039570684
272 -17.509696510701165
273 -19.316363139405066
274 -20.488817338604814
275 -19.99447291165139
276 -20.99599098809049
277 -20.0226956865122
278 -21.336299962253484
279 -17.449562563119887
280 -18.193286128469783
281 -23.26979050302629
282 -19.53765867553909
283 -18.288838151749808
284 -17.62028935620162
285 -19.235782249421458
286 -21.222458899786904
287 -20.091298735544438
288 -20.955337638129993
289 -19.770626277629464
290 -17.24449502072793
291 -20.537387144846015
292 -22.14395549747792
293 -21.597588151756785
294 -25.097033900233516
295 -25.151011093337836
296 -24.518259756065916
297 -22.695944423020382
298 -22.150423370776757
299 -23.95347382297212
300 -21.883842041624924
301 -21.41671466410178
302 -20.907621610835513
303 -21.600147059607394
304 -22.40275436625145
305 -20.500864068531527
306 -22.84861969876035
307 -21.505632957404416
308 -17.482334620676617
309 -15.578497980993495
310 -10.587233637412192
311 -7.0792838729170935
312 2.979972980212692
313 7.607301345731077
314 3.462723060574277
315 7.326468123847826
316 2.8713808032638752
317 -1.7593080407359336
318 -1.1380933333660572
319 5.924126055329552
320 15.772712197490081
321 20.28472083368722
322 18.49283109840811
323 9.013181623623074
324 15.371599396315284
325 21.046079912449212
326 21.739955751382357
327 33.049071805573995
328 32.35023076603817
329 27.0218646153998
330 23.543916482065608
331 20.716748231367003
332 21.52304546351933
333 9.540922262757046
334 -0.4521926820395522
335 -7.588262359436957
336 -16.297293640150425
337 -19.705590442730752
338 -23.334957074250315
339 -22.56227938054256
340 -24.28525918976771
341 -28.739285235280416
342 -28.07452067541377
343 -28.281683664782292
344 -29.385693794116932
345 -29.046363437124416
346 -30.29276233826075
347 -31.45053835718358
348 -31.172224304479386
349 -32.15136044412459
350 -31.018245259578467
351 -33.81259585082334
352 -32.378065247979094
353 -30.608037814085417
354 -33.27346356310491
355 -44.863190596600894
356 -63.17488791224975
357 -63.70393727682468
358 -54.14077374540543
359 -34.67403834457099
360 27.251798922718418
361 109.5867953398063
362 183.88372095742272
363 327.7273107538772
364 418.75470096201553
365 400.3610918286811
366 462.8220027083318
367 414.0995826161725
368 271.0766444995419
369 274.98017454145736
370 207.73009065693424
371 102.42375732407471
372 69.94738312072217
373 16.90353637308399
374 -11.92866865687004
375 -19.28539075970431
376 -13.839475563513753
377 -0.16637167259224336
378 -2.4864014898267626
379 -2.984578136292526
380 -7.842440808908584
381 -5.003158265939562
382 -5.283219059074319
383 -12.723279632692948
384 -8.464780228779821
385 -8.378466733556612
386 -5.987183824854631
387 -9.829317649517959
388 -8.887132481907603
389 -3.015739004823299
390 -3.095444506553375
391 -0.995896256887926
392 -3.240629061309064
393 4.2020654880141475
394 5.147219425816735
395 -0.962698249518936
396 2.670713925183333
397 3.1313834570354353
398 5.522836571845479
399 6.596844770223004
400 7.110301186962478
401 10.890871876908601
402 8.400645862556933
403 11.29481476322218
404 16.969023122397854
405 17.769901826447644
406 18.463455582761977
407 17.038899091570038
408 21.077080865378438
409 24.25543794917546
410 25.369412598753588
411 29.839839917213645
412 32.05458084642466
413 33.67096045519992
414 37.98491792517897
415 41.14072028135784
416 42.91536523240728
417 47.42058607674692
418 50.41651496426918
419 53.43476476683754
420 59.476008951119944
421 64.84910012213105
422 69.7001794431359
423 74.44576823813624
424 79.53485136849429
425 84.47791375084064
426 93.82261792190049
427 100.06258284366187
428 102.45766240079169
429 111.44444700492532
430 119.37388902970183
431 126.51538190710303
432 139.06908988599116
433 146.62297608102946
434 152.61105099766797
435 160.14142381274016
436 167.3691006349534
437 179.577796823876
438 180.30519040484052
439 185.8855932575801
440 198.88515480962855
441 197.4682885650602
442 203.5314349838845
443 212.4054882789135
444 213.70025373880404
445 214.31191757320462
446 213.1672688618961
447 208.9759539243834
448 205.75127523791647
449 204.88945983760553
450 193.0028540726605
451 184.47012658246598
452 177.76218952655677
453 162.82885884670006
454 148.18167419964308
455 132.70575022269404
456 116.08392894251968
457 100.76618749037758
458 89.43841959692934
459 68.3600708830786
460 54.53716856295865
461 48.87072030981081
462 32.030039257646536
463 23.52691169898147
464 19.422744161106568
465 13.391294572355527
466 9.248283661368925
467 4.020922847606365
468 -2.9581142234782813
469 -6.50363357450392
470 -6.269007671928338
471 -6.39889127444826
472 -5.239196727170241
473 -7.268980118682206
474 -7.031011227627382
475 -8.862440013649307
476 -12.804690522129581
477 -8.853647786567718
478 -9.845274883507567
479 -10.856631856064903
480 -15.906757824176609
481 -14.274914437905206
482 -6.027798490508216
483 -7.805317916875543
484 -9.593465965168637
485 -13.862566025306284
486 -12.52219409838378
487 -10.55183158053722
488 -11.90325065678887
489 -10.071259476480702
490 -11.794915622875902
491 -13.927831555489488
492 -10.771548973859847
493 -9.592002921485028
494 -10.127517902460147
495 -13.732122641453264
496 -15.69800679343285
497 -15.791183874922439
498 -14.327745354065533
499 -13.885453249703572
500 -18.359392112082826
501 -15.189558465657607
502 -15.9968893286753
503 -17.424586655533098
504 -16.04563318315482
505 -17.042822083197358
506 -11.11250007206593
507 -22.32762262534383
508 -22.18629822895584
509 -6.117809223996976
510 -17.422315494129812
511 -16.127871528505715
512 -9.106510597685444
513 -16.721277771552604
514 -18.72811626081709
515 -21.762850769482306
516 -20.44484516969597
517 -18.575051793343636
518 -21.602377318679757
519 -16.810570169070747
520 -17.818585804531466
521 -21.550830365882092
522 -16.764793016401995
523 -16.43765122883921
524 -15.931910278060494
525 -23.680782459883748
526 -25.923669221604662
527 -18.00948918826871
528 -20.457512258954072
529 -18.9757846816967
530 -16.171174230330028
531 -23.47156958767909
532 -24.49407695215652
533 -22.298874030583562
534 -22.196762950063206
535 -22.00153681512578
536 -25.39904174444702
537 -21.640557310424946
538 -20.267793831256867
539 -24.161329616535376
540 -20.977268377561025
541 -22.863631323508695
542 -28.636847584889107
543 -23.793264861346234
544 -24.525355160352238
545 -28.655746728255245
546 -28.638931622613384
547 -27.836928725385754
548 -26.54672911930397
549 -23.020540327302545
550 -23.399380885845382
551 -29.640809095033323
552 -25.537903831130844
553 -25.65525805443026
554 -29.096810130732006
555 -26.22379524571921
556 -26.241201604870408
557 -25.093435755999902
558 -25.570943361553955
559 -25.90327785519511
560 -25.34660074855113
561 -29.39155465276665
562 -29.863820773333195
563 -28.69548823117667
564 -24.87367990686192
565 -24.52210889896915
566 -25.795892497947623
567 -27.172821684265855
568 -24.857433778172577
569 -21.13030225058268
570 -24.783507515197098
571 -29.04573819428788
572 -35.24357781995598
573 -28.288064403994674
574 -26.404191561158292
575 -29.47357207823599
576 -31.05379230368977
577 -31.298994214698343
578 -26.110547782905883
579 -26.71561844126888
580 -26.176269480039565
581 -27.92563545856191
582 -27.387078658415973
583 -31.116496810871627
584 -30.29315839469641
585 -31.228016096306565
586 -19.862832686534908
587 3.4778249321008086
588 -0.44701792491991243
589 -0.555009985863294
590 0.8643191921784601
591 -0.8508322990901276
592 0.727897980462761
593 -0.5238620104498218
594 0.31894227609976467
595 -0.11138133198377481
596 -0.010066825751536668
597 0.061440525872504065
598 -0.017122136431047034